0		0	0	
7	1			-31.64	-79.21	28.86	-79.21
0	0	0	0	0	0	0	0
7	1			38.29	-79.21	38.29	-79.21	
0	0	0	0	0	0	0	0
7	1			44.55	-77.16	44.55	-77.16
0	0	0	0	0	0	0	0	
7	1			44.21	-72.15	44.21	-72.15	
0	0	0	0	0	0	0	0			
7	1			36.21	-72.15	36.21	-72.15	
0	0	0	0	0	0	0	0	
7	1			28.21	-72.14	28.21	-72.14
0	0	0	0	0	0	0	0	
7	1			20.21	-72.14	20.21	-72.14
0	0	0	0	0	0	0	0	
7	1			12.21	-72.14	12.21	-72.14
0	0	0	0	0	0	0	0
7	1			4.21	-72.14	4.21	-72.14
0	0	0	0	0	0	0	0	
7	1			-3.79	-72.14	-3.79	-72.14
0	0	0	0	0	0	0	0	
7	1			-11.79	-72.14	-11.79	-72.14
0	0	0	0	0	0	0	0	
7	1			-19.79	-72.14	-19.79	-72.14
0	0	0	0	0	0	0	0	
7	1			-27.79	-72.14	-27.79	-72.14		
0	0	0	0	0	0	0	0
7	1			-27.27	-65.08	-21.29	-65.08
0	0	0	0	0	0	0	0	
7	1			-11.79	-65.08	48.07	-65.08
5	0	0	0	57.09	-65.08	0	0	
7	1			57.09	-58.26	48.96	-58.26
0	0	0	0	0	0	0	0	
7	1			39.46	-58.26	-19.54	-58.26
0	0	0	0	0	0	0	0
7	1			-15.79	-51.19	-15.79	-51.19	
0	0	0	0	0	0	0	0
7	1			-7.79	-51.19	-7.79	-51.19	
0	0	0	0	0	0	0	0
7	1			0.21	-51.19	0.21	-51.19	
0	0	0	0	0	0	0	0
7	1			8.21	-51.19	8.21	-51.19	
0	0	0	0	0	0	0	0
7	1			16.21	-51.19	16.21	-51.19	
0	0	0	0	0	0	0	0
7	1			24.21	-51.19	24.21	-51.19	
0	0	0	0	0	0	0	0
7	1			32.21	-51.19	32.21	-51.19	
0	0	0	0	0	0	0	0
7	1			40.21	-51.19	40.21	-51.19	
0	0	0	0	0	0	0	0
7	1			48.21	-51.19	48.21	-51.19	
0	0	0	0	0	0	0	0
7	1			56.21	-51.19	56.21	-51.19	
0	0	0	0	0	0	0	0	
7	1			59.61	-44.13	-15.17	-44.13				
0	0	0	0	0	0	0	0	
7	1			-11.33	-37.48	69.08	-37.48
0	0	0	0	0	0	0	0	
7	1			68.36	-30.42	68.36	-30.42
0	0	0	0	0	0	0	0	
7	1			60.36	-30.42	60.36	-30.42								
0	0	0	0	0	0	0	0	
7	1			52.36	-30.42	52.36	-30.42
0	0	0	0	0	0	0	0	
7	1			44.36	-30.42	44.36	-30.42
0	0	0	0	0	0	0	0	
7	1			36.36	-30.42	36.36	-30.42
0	0	0	0	0	0	0	0	
7	1			28.36	-30.42	28.36	-30.42
0	0	0	0	0	0	0	0	
7	1			20.36	-30.42	20.36	-30.42
0	0	0	0	0	0	0	0	
7	1			12.36	-30.42	12.36	-30.42
0	0	0	0	0	0	0	0	
7	1			4.36	-30.42	4.36	-30.42
0	0	0	0	0	0	0	0	
7	1			-3.64	-30.42	-3.64	-30.42
0	0	0	0	0	0	0	0	
7	1			-3.17	-23.35	3.11	-23.35
0	0	0	0	0	0	0	0	
7	1			12.61	-23.35	71.61	-23.35
5	0	0	0	81.29	-23.35	0	0	
7	1			81.29	-16.33	73.36	-16.33
0	0	0	0	0	0	0	0
7	1			63.86	-16.58	4.61	-16.58
0	0	0	0	0	0	0	0	
7	1			8.41	-9.41	8.41	-9.41
0	0	0	0	0	0	0	0	
7	1			16.41	-9.41	16.41	-9.41
0	0	0	0	0	0	0	0	
7	1			24.41	-9.41	24.41	-9.41
0	0	0	0	0	0	0	0	
7	1			32.41	-9.41	32.41	-9.41
0	0	0	0	0	0	0	0	
7	1			40.41	-9.41	40.41	-9.41
0	0	0	0	0	0	0	0	
7	1			48.41	-9.41	48.41	-9.41
0	0	0	0	0	0	0	0	
7	1			56.41	-9.41	56.41	-9.41
0	0	0	0	0	0	0	0	
7	1			64.41	-9.41	64.41	-9.41
0	0	0	0	0	0	0	0	
7	1			72.41	-9.41	72.41	-9.41
0	0	0	0	0	0	0	0	
7	1			80.41	-9.41	80.41	-9.41	
0	0	0	0	0	0	0	0	
7	1			83.71	-2.35	7.02	-2.35
0	0	0	0	0	0	0	0	
7	1			3.77	2.18	31.64	2.18
0	0	0	0	0	0	0	0	
7	1			41.14	2.18	88.9	2.17
0	0	0	0	0	0	0	0	
7	1			84.42	12.2	54.17	64.6
0	0	0	0	0	0	0	0	
7	1			49.45	72.76	49.45	72.76
0	0	0	0	0	0	0	0	
7	1			44.55	77.17	44.55	77.17
0	0	0	0	0	0	0	0	
7	1			40.38	74.36	40.38	74.36
0	0	0	0	0	0	0	0	
7	1			44.38	67.43	44.38	67.43
0	0	0	0	0	0	0	0	
7	1			48.37	60.5	48.37	60.5
0	0	0	0	0	0	0	0	
7	1			52.37	53.56	52.37	53.56
0	0	0	0	0	0	0	0	
7	1			56.37	46.64	56.37	46.640
0	0	0	0	0	0	0	0	
7	1			60.37	39.72	60.37	39.72
0	0	0	0	0	0	0	0	
7	1			64.37	32.79	64.37	32.79
0	0	0	0	0	0	0	0
7	1			68.37	25.86	68.37	25.86
0	0	0	0	0	0	0	0	
7	1			72.37	18.93	72.37	18.93
0	0	0	0	0	0	0	0	
7	1			76.37	12	76.37	12
0	0	0	0	0	0	0	0	
7	1			69.99	8.92	67.01	14.1
0	0	0	0	0	0	0	0	
7	1			62.26	22.33	32.33	74.17	
5	0	0	0	32.33	81.57	0	0
7	1			21.91	78.57	25.97	71.53
0	0	0	0	0	0	0	0	
7	1			30.72	63.3	60.22	12.2
0	0	0	0	0	0	0	0	
7	1			52.23	11.92	52.93	11.92	
0	0	0	0	0	0	0	0	
7	1			48.23	18.85	48.23	18.85
0	0	0	0	0	0	0	0	
7	1			44.23	25.78	44.23	25.78
0	0	0	0	0	0	0	0	
7	1			40.23	32.71	40.23	32.71
0	0	0	0	0	0	0	0	
7	1			36.23	39.63	36.23	39.63
0	0	0	0	0	0	0	0	
7	1			32.23	46.56	32.23	46.56
0	0	0	0	0	0	0	0	
7	1			28.23	53.49	28.23	53.49
0	0	0	0	0	0	0	0	
7	1			24.23	60.42	24.23	60.42	
0	0	0	0	0	0	0	0	
7	1			20.23	67.35	20.23	67.35
0	0	0	0	0	0	0	0	
7	1			16.23	74.28	16.23	74.28
0	0	0	0	0	0	0	0	
7	1			8.41	73.69	45.8	8.93	
0	0	0	0	0	0	0	0	
7	1			38.12	8.93	-2.08	78.57
0	0	0	0	0	0	0	0	
7	1			-7.84	74.41	-7.84	74.41	
0	0	0	0	0	0	0	0	
7	1			-3.84	67.48	-3.84	67.48
0	0	0	0	0	0	0	0	
7	1			0.16	60.55	0.16	60.55
0	0	0	0	0	0	0	0	
7	1			4.16	53.62	4.16	53.62
0	0	0	0	0	0	0	0	
7	1			8.16	46.7	8.16	46.7
0	0	0	0	0	0	0	0	
7	1			12.16	39.77	12.16	39.77
0	0	0	0	0	0	0	0	
7	1			16.16	32.84	16.16	32.84
0	0	0	0	0	0	0	0	
7	1			20.16	25.91	20.16	25.91
0	0	0	0	0	0	0	0	
7	1			24.16	18.98	24.16	18.98
0	0	0	0	0	0	0	0	
7	1			28.16	12.05	28.16	12.05
0	0	0	0	0	0	0	0	
7	1			21.81	8.93	18.67	14.37	
0	0	0	0	0	0	0	0	
7	1			13.92	22.6	-15.58	73.69
5	0	0	0	-15.58	81.57	0	0
7	1			-26.51	78.57	-22.54	71.69
0	0	0	0	0	0	0	0	
7	1			-17.57	63.59	12.05	12.28
0	0	0	0	0	0	0	0	
7	1			3.95	11.99	3.95	11.99
0	0	0	0	0	0	0	0	
7	1			-0.05	18.93	-0.05	18.93
0	0	0	0	0	0	0	0	
7	1			-4.05	25.85	-4.05	25.85
0	0	0	0	0	0	0	0	
7	1			-8.05	32.77	-8.05	32.77
0	0	0	0	0	0	0	0	
7	1			-12.05	39.7	-12.05	39.7
0	0	0	0	0	0	0	0	
7	1			-16.05	46.63	-16.05	46.63
0	0	0	0	0	0	0	0	
7	1			-20.05	53.56	-20.05	53.56
0	0	0	0	0	0	0	0	
7	1			-24.05	60.49	-24.05	60.49
0	0	0	0	0	0	0	0	
7	1			-28.05	67.42	-28.05	67.42
0	0	0	0	0	0	0	0	
7	1			-32.05	74.35	-32.05	74.35
0	0	0	0	0	0	0	0	
7	1			-39.82	73.67	-1.47	7.25
0	0	0	0	0	0	0	0	
7	1			-3.77	2.17	-17.71	26.31
0	0	0	0	0	0	0	0	
7	1			-22.45	34.54	-46.33	75.9
0	0	0	0	0	0	0	0	
7	1			-52.77	67.01	-83.02	14.61
0	0	0	0	0	0	0	0	
7	1			-87.74	6.45	-87.74	6.45
0	0	0	0	0	0	0	0	
7	1			-89.1	0	-89.1	0
0	0	0	0	0	0	0	0	
7	1			-84.58	-2.21	-84.58	-2.21
0	0	0	0	0	0	0	0	
7	1			-80.58	4.72	-80.58	4.72 
0	0	0	0	0	0	0	0	
7	1			-76.58	11.64	-76.58	11.64
0	0	0	0	0	0	0	0	
7	1			-72.58	18.57	-72.58	18.57
0	0	0	0	0	0	0	0	
7	1			-68.58	25.5	-68.58	25.5
0	0	0	0	0	0	0	0	
7	1			-64.58	32.43	-64.58	32.43
0	0	0	0	0	0	0	0	
7	1			-60.58	39.35	-60.58	39.35
0	0	0	0	0	0	0	0	
7	1			-56.58	46.28	-56.58	46.28
0	0	0	0	0	0	0	0	
7	1			-52.58	53.21	-52.58	53.21
0	0	0	0	0	0	0	0	
7	1			-48.58	60.14	-48.58	60.14
0	0	0	0	0	0	0	0	
7	1			-42.73	56.15	-45.71	50.98
0	0	0	0	0	0	0	0	
7	1			-50.46	42.75	-80.39	-9.09
5	0	0	0	-84.32	-15.88	0	0	
7	1			-79	-20.31	-74.93	-13.27
0	0	0	0	0	0	0	0	
7	1			-70.18	-5.04	-40.68	46.05
0	0	0	0	0	0	0	0	
7	1			-36.44	39.27	-36.44	39.27
0	0	0	0	0	0	0	0	
7	1			-40.44	32.34	-40.44	32.34
0	0	0	0	0	0	0	0	
7	1			-44.44	25.42	-44.44	25.42
0	0	0	0	0	0	0	0	
7	1			-48.44	18.49	-48.44	18.49
0	0	0	0	0	0	0	0	
7	1			-52.44	11.56	-52.44	11.56
0	0	0	0	0	0	0	0	
7	1			-56.44	4.63	-56.44	4.63
0	0	0	0	0	0	0	0	
7	1			-60.44	-2.3	-60.44	-2.3
0	0	0	0	0	0	0	0	
7	1			-64.44	-9.22	-64.44	-9.22
0	0	0	0	0	0	0	0	
7	1			-68.44	-16.15	-68.44	-16.15
0	0	0	0	0	0	0	0	
7	1			-72.44	-23.08	-72.22	-23.08
0	0	0	0	0	0	0	0	
7	1			-68.02	-29.56	-30.63	35.2
0	0	0	0	0	0	0	0	
7	1			-26.79	28.55	-67	-41.09
0	0	0	0	0	0	0	0	
7	1			-60.52	-43.99	-60.52	-43.99
0	0	0	0	0	0	0	0	
7	1			-56.52	-37.06	-56.52	-37.06
0	0	0	0	0	0	0	0	
7	1			-52.52	-30.14	-52.52	-30.14
0	0	0	0	0	0	0	0	
7	1			-48.52	-23.21	-48.52	-23.21	
0	0	0	0	0	0	0	0	
7	1			-44.52	-16.28	-44.52	-16.28
0	0	0	0	0	0	0	0	
7	1			-40.52	-9.35	-40.52	-9.35	
0	0	0	0	0	0	0	0	
7	1			-36.52	-2.42	-36.52	-2.42
0	0	0	0	0	0	0	0	
7	1			-32.52	4.5	-32.51	4.5
0	0	0	0	0	0	0	0	
7	1			-28.52	11.43	-28.52	11.43
0	0	0	0	0	0	0	0	
7	1			-24.52	18.38	-24.52	18.38
0	0	0	0	0	0	0	0	
7	1			-18.64	14.42	-21.78	8.98
0	0	0	0	0	0	0	0	
7	1			-26.53	0.76	-56.03	-50.34
5	0	0	0	-61.06	-57.74	0	0	
7	1			-54.79	-62.24	-50.82	-55.37
0	0	0	0	0	0	0	0	
7	1			-46.29	-47.01	-16.66	4.3
0	0	0	0	0	0	0	0	
7	1			-12.36	-2.58	-12.36	-2.58
0	0	0	0	0	0	0	0	
7	1			-16.36	-9.5	-16.36	-9.5 
0	0	0	0	0	0	0	0	
7	1			-20.36	-16.43	-20.36	-16.43
0	0	0	0	0	0	0	0	
7	1			-24.36	-23.36	-24.36	-23.36
0	0	0	0	0	0	0	0	
7	1			-28.36	-30.29	-28.36	-30.29
0	0	0	0	0	0	0	0	
7	1			-32.36	-37.22	-32.36	-37.22
0	0	0	0	0	0	0	0	
7	1			-36.36	-44.14	-36.36	-44.14
0	0	0	0	0	0	0	0	
7	1			-40.36	-51.07	-40.36	-51.07
0	0	0	0	0	0	0	0	
7	1			-44.36	-58	-44.36	-58
0	0	0	0	0	0	0	0	
7	1			-48.36	-64.93	-48.36	-64.93
0	0	0	0	0	0	0	0	
7	1			-43.89	-71.32	-5.54	-4.9
0	0	0	0	0	0	0	0	
7	1			0	-4.35	-13.93	-28.49	
0	0	0	0	0	0	0	0	
7	1			-18.68	-36.72	-42.57	-78.07