0		0	0	
7	1			10.47	75.71	10.47	75.71
0	0	0	0	0	0	0	0
7	1			1.21	74.09	1.21	74.09
0	0	0	0	0	0	0	0
7	1			-4.47	71.77	-4.47	71.77
0	0	0	0	0	0	0	0	
7	1			-3.45	65.53	-3.45	65.53
0	0	0	0	0	0	0	0			
7	1			0.09	57.74	0.09	57.74
0	0	0	0	0	0	0	0	
7	1			4.34	67.06	4.34	67.06
0	0	0	0	0	0	0	0	
7	1			-35.01	23.37	-35.01	23.37
0	0	0	0	0	0	0	0	
7	1			-25.79	21.87	-25.79	21.87
0	0	0	0	0	0	0	0
7	1			-31.01	29.29	-31.01	29.29
0	0	0	0	0	0	0	0	
7	1			-40.83	29.18	-40.83	29.18
0	0	0	0	0	0	0	0	
7	1			-47.19	24.59	-47.19	24.59
0	0	0	0	0	0	0	0	
7	1			-39.51	20.15	-39.51	20.15
0	0	0	0	0	0	0	0	
7	1			-70.7	-28.94	-70.7	-28.94	
0	0	0	0	0	0	0	0
7	1			-60.32	-30.39	-60.32	-30.39
0	0	0	0	0	0	0	0	
7	1			-55.71	-26.65	-55.71	-26.65
0	0	0	0	0	0	0	0
7	1			-49.36	-32.31	-49.36	-32.31
0	0	0	0	0	0	0	0	
7	1			-55.6	-36.27	-55.6	-36.27
0	0	0	0	0	0	0	0
7	1			-60.26	-40.38	-60.26	-40.38
0	0	0	0	0	0	0	0
7	1			-65.43	-36.36	-65.43	-36.36
0	0	0	0	0	0	0	0
7	1			-4.61	-50.57	-4.61	-50.57
0	0	0	0	0	0	0	0
7	1			1.39	-53.72	1.39	-53.72
0	0	0	0	0	0	0	0
7	1			4.1	-45.9	4.1	-45.9
0	0	0	0	0	0	0	0
7	1			-1.96	-43.17	-1.96	-43.17
0	0	0	0	0	0	0	0
7	1			-1.23	-36.77	-1.23	-36.77
0	0	0	0	0	0	0	0
7	1			-8.68	-34.23	-8.68	-34.23
0	0	0	0	0	0	0	0
7	1			-9.43	-42.01	-9.43	-42.01
0	0	0	0	0	0	0	0
7	1			50.95	-34.99	50.95	-34.99
0	0	0	0	0	0	0	0
7	1			56.56	-37.21	56.56	-37.21
0	0	0	0	0	0	0	0	
7	1			60.51	-46.91	60.51	-46.91		
0	0	0	0	0	0	0	0	
7	1			63.99	-38.32	63.99	-38.32
0	0	0	0	0	0	0	0	
7	1			59.18	-29.76	59.18	-29.76
0	0	0	0	0	0	0	0	
7	1			53.33	-26.58	53.33	-26.58						
0	0	0	0	0	0	0	0	
7	1			40.97	12	40.97	12
0	0	0	0	0	0	0	0	
7	1			46.35	19.63	46.35	19.63
0	0	0	0	0	0	0	0	
7	1			37.49	18.77	37.49	18.77
0	0	0	0	0	0	0	0	
7	1			32.02	11.4	32.02	11.4
0	0	0	0	0	0	0	0	
7	1			34.78	49.73	34.78	49.73
0	0	0	0	0	0	0	0	
7	1			29.09	57.05	29.09	57.05
0	0	0	0	0	0	0	0	
7	1			19.93	58.26	19.93	58.26
0	0	0	0	0	0	0	0	
7	1			25.62	50.95	25.62	50.95