1015
1445
1013
1327
1013
1530
1012
1398
1016
2002
1014
2003
1014
1998
1013
2002
1022
2003
1019
2001
1016
1999
1015
1998
1017
2002
1019
2002
1019
2003
1015
1999
1017
2005
1022
2004
1017
2004
1018
2003
1011
1998
1012
2003
1018
2002
1013
1997
1020
2002
1014
2004
1013
2002
1020
2002
1014
1998
1010
2003
1013
2000
1011
1998
1012
2003
1011
2002
1016
1999
1019
2011
1020
2004
1016
2002
1021
1998
1020
2002
1015
2003
1016
2002
1017
2000
1018
2003
1013
1999
1018
1981
1022
2004
1021
2003
1013
1998
1013
1995
1015
1972
1013
1996
1017
2002
1018
2003
1021
1998
1012
2002
1021
1939
1011
2003
1017
1983
1012
1998
1021
2003
1012
2001
1017
2004
1017
0
1014
0
1013
0
1012
0
1017
0
1019
0
1018
0
1016
0
1019
0
1011
0
1020
0
1018
0
1020
0
1018
0
1014
0
1012
0
1013
0
1021
0
1017
0
1012
0
1020
0
1015
0
1019
0
1011
0
1015
0
1014
0
1017
0
1019
0
1020
0
1021
0
1015
0
1012
0
1015
0
1017
0
1018
0
1018
0
1017
0
1017
0
1013
0
1013
0
