744
885
743
886
746
612
741
884
743
884
738
784
738
786
742
885
746
765
744
887
738
885
736
885
739
884
743
886
743
884
743
885
736
885
740
773
741
775
741
884
741
883
738
884
738
774
740
580
737
786
739
319
746
885
744
885
742
884
744
784
742
785
740
884
740
885
746
886
737
884
740
884
739
706
742
690
746
707
746
884
737
766
744
784
740
785
744
884
738
884
737
884
745
886
736
886
740
884
746
884
739
639
746
884
741
785
738
784
742
884
739
885
737
883
741
886
740
885
736
886
741
785
745
786
740
797
744
798
744
883
740
885
742
885
737
786
744
780
746
883
738
883
743
783
740
783
740
886
744
886
743
885
741
884
737
884
745
885
738
648
737
885
748
883
737
783
746
788
738
884
738
764
744
887
736
884
741
885
744
884
743
1198
736
0
742
981
737
1115
739
0
746
1059
741
1043
742
0
736
1052
741
0
744
0
740
0
745
0
746
0
738
0
