1017
1398
1014
2005
1019
2001
1020
1999
1017
2003
1017
2003
1019
2002
1014
1999
1018
1531
1018
1997
1019
2004
1014
2002
1015
2002
1015
1328
1021
1999
1013
2002
1017
1444
1011
2002
1016
2004
1015
2003
1014
2002
1015
2002
1016
2002
1016
1997
1020
2001
1022
2001
1010
2003
1022
2002
1022
1998
1016
2003
1012
1998
1015
1999
1018
2003
1012
2002
1018
1998
1012
2012
1018
2004
1017
2004
1018
1998
1016
2000
1020
2001
1015
2002
1018
2000
1015
2002
1015
1999
1012
1982
1014
2001
1015
2002
1018
1996
1019
1997
1016
1973
1019
1997
1020
2003
1015
2002
1016
2000
1013
2003
1014
1942
1012
2002
1011
1983
1021
1998
1011
2002
1015
2000
1014
2002
1014
0
1020
0
1019
0
1011
0
1018
0
1013
0
1015
0
1016
0
1016
0
1016
0
1022
0
1019
0
1018
0
1021
0
1017
0
1022
0
1011
0
1021
0
1018
0
1017
0
1011
0
1022
0
1019
0
1021
0
1018
0
1020
0
1020
0
1012
0
1013
0
1012
0
1018
0
1020
0
1016
0
1018
0
1011
0
1011
0
1017
0
1019
0
1021
0
1011
0
1013
0
1015
0
1019
0
1019
0
1015
0
1019
0
1018
0
1013
0
1021
0
1019
0
1018
0
1012
0
1011
0
1018
0
1021
0
1016
0
1018
0
1013
0
1013
0
1015
0
1021
0
1013
0
1020
0
1015
0
1019
0
1013
0
1018
0
1020
0
1013
0
1015
0
1021
0
1019
0
1011
0
1020
0
1014
0
1013
0
1011
0
1022
0
1016
0
1012
0
1015
0
1018
0
1014
0
