740
884
737
885
742
609
742
886
737
886
737
784
740
787
744
884
742
764
736
884
737
884
744
884
743
885
742
884
738
883
743
884
741
885
741
775
741
774
737
884
742
884
737
887
742
772
739
578
738
784
741
320
746
885
747
886
738
885
741
786
736
784
736
883
739
883
742
886
737
886
740
885
741
706
738
691
738
706
739
884
736
765
741
784
736
785
735
884
746
886
739
884
738
885
737
886
746
884
744
884
738
637
742
885
740
784
744
787
744
886
744
884
740
884
742
884
739
884
746
884
740
784
736
783
743
796
747
796
744
884
741
884
745
886
741
785
742
781
744
884
745
884
736
784
737
783
744
884
744
884
745
884
741
885
745
883
746
885
744
648
739
884
740
884
742
786
737
785
735
884
738
764
744
884
742
884
741
884
740
887
745
1197
745
0
738
982
745
1115
741
0
742
1057
740
1043
740
0
736
1052
748
0
741
0
743
0
746
0
736
0
738
0
