1016
1363
1015
1244
1012
1446
1011
1318
1016
1924
1015
1920
1022
1915
1018
1922
1019
1919
1016
1919
1023
1923
1021
1913
1020
1921
1018
1919
1013
1920
1021
1913
1013
1918
1015
1919
1018
1918
1017
1919
1017
1921
1011
1918
1018
1919
1018
1920
1012
1918
1011
1919
1022
1919
1018
1920
1015
1914
1015
1920
1020
1915
1017
1917
1017
1919
1012
1934
1012
1917
1019
1929
1019
1920
1020
1919
1016
1915
1020
1916
1017
1919
1020
1920
1021
1914
1020
1919
1020
1916
1020
1897
1017
1919
1022
1921
1020
1912
1020
1913
1019
1890
1019
1915
1011
1918
1013
1920
1017
1914
1015
1917
1018
1855
1017
1920
1020
1900
1017
1921
1014
1922
1021
1916
1019
1918
1021
0
1020
0
1022
0
1013
0
1013
0
1015
0
1017
0
1022
0
1016
0
1021
0
1018
0
1017
0
1013
0
1011
0
1014
0
1019
0
1014
0
1020
0
1012
0
1017
0
1019
0
1022
0
1021
0
1022
0
1015
0
1015
0
1024
0
1014
0
1020
0
1018
0
1020
0
1016
0
1021
0
1023
0
1016
0
1013
0
1031
0
1015
0
1016
0
1020
0
