1013
1444
1013
1533
1020
1398
1019
2003
1014
2003
1020
1999
1012
2002
1019
2004
1013
2002
1016
1999
1011
2000
1011
2005
1015
2004
1013
1791
1013
1998
1016
2002
1019
2002
1020
2002
1015
2003
1011
1999
1020
2003
1015
2002
1012
1999
1020
2002
1015
2003
1018
2002
1020
2002
1019
1999
1020
2003
1011
1999
1022
1999
1018
2003
1016
2002
1012
1998
1013
2010
1013
2004
1014
2002
1017
1999
1011
2000
1014
2002
1019
2003
1013
1999
1014
2003
1013
1997
1019
1980
1014
2002
1012
2002
1014
1997
1020
1996
1012
1973
1013
1998
1012
2002
1022
2002
1020
2000
1020
2002
1022
1938
1020
2002
1013
1984
1020
1998
1019
2004
1013
1999
1016
2002
1012
0
1011
0
1017
0
1017
0
1021
0
1012
0
1012
0
1015
0
1015
0
1016
0
1018
0
1011
0
1014
0
1015
0
1019
0
1020
0
1013
0
1019
0
1014
0
1021
0
1011
0
1011
0
1022
0
1019
0
1017
0
1020
0
1019
0
1011
0
1014
0
1015
0
1016
0
1014
0
1012
0
1017
0
1014
0
1021
0
1018
0
1012
0
1012
0
1015
0
