1021
4067
1019
0
1016
0
1021
0
1017
0
1021
0
1020
0
1013
0
1017
0
1017
0
1012
0
1022
0
1019
0
1014
430
1021
4022
1022
576
1018
3966
1014
0
1016
0
1022
0
1017
0
1018
0
1015
0
1016
0
1021
0
1021
0
1020
0
1021
5018
1019
5392
1017
0
1020
0
1013
0
1021
0
1015
0
1013
0
1011
0
1012
0
1017
0
1013
0
1012
451
1023
3970
1014
560
1012
3985
1012
0
1018
0
1020
0
1010
0
1014
0
1016
0
1015
0
1022
0
1014
0
1022
0
1017
5144
1015
1890
1013
3219
1017
4066
1014
0
1019
0
1012
0
1014
0
1015
0
1016
0
1020
0
1019
0
1012
0
1013
0
1018
0
1017
0
1019
431
1021
4022
1019
574
1011
3967
1019
0
1018
0
1018
0
1016
0
1013
0
1019
0
1016
0
1018
0
1017
0
1018
0
1018
5018
1012
5393
1014
0
1021
0
1017
0
1015
0
1015
0
1013
0
1019
0
1020
0
1016
0
1011
0
1013
452
1014
3965
1021
561
1018
3984
1021
0
1021
0
1014
0
1013
0
1013
0
1020
0
1011
0
1020
0
1018
0
1015
0
1021
5148
1013
1890
1012
3216
1020
4067
1020
0
1014
0
1022
0
1016
0
1016
0
1011
0
1010
0
1014
0
1016
0
1019
0
1020
0
1017
0
1015
431
1016
4023
1013
573
1014
3969
1020
0
1015
0
1014
0
1016
0
1023
0
1016
0
1017
0
1021
0
1024
0
1019
51
1013
5019
1012
5395
1019
0
1018
0
1019
0
1012
0
1011
0
1020
0
1019
0
1018
0
1012
0
1017
0
1014
450
1020
3969
1011
559
1013
3982
1022
0
1014
0
1020
0
1013
0
1017
0
1011
0
1020
0
1021
0
1020
0
1015
0
1012
5146
1019
1891
1017
3216
