1020
1444
1015
1532
1017
1399
1011
2004
1021
2001
1018
1999
1022
2002
1020
2003
1011
2002
1021
2001
1017
1998
1014
2002
1013
2003
1015
1793
1015
1998
1021
2001
1011
2002
1021
2003
1021
2004
1018
1998
1015
2003
1017
2002
1018
2000
1022
2002
1017
2002
1019
2002
1021
2003
1015
1998
1021
2002
1019
1998
1012
1999
1020
2003
1017
2002
1019
1999
1018
2011
1020
2002
1012
2002
1016
1998
1013
1999
1015
2002
1018
2002
1013
1998
1021
2001
1013
1999
1012
1983
1017
2005
1016
2003
1011
1996
1015
1998
1020
1972
1016
1996
1015
2004
1014
2003
1011
2000
1019
2003
1018
1940
1019
2003
1021
1986
1018
1998
1012
2002
1012
1998
1017
2002
1014
0
1020
0
1011
0
1013
0
1020
0
1015
0
1017
0
1020
0
1020
0
1017
0
1019
0
1012
0
1014
0
1021
0
1021
0
1013
0
1019
0
1016
0
1011
0
1012
0
1016
0
1020
0
1015
0
1021
0
1022
0
1014
0
1011
0
1015
0
1018
0
1016
0
1013
0
1021
0
1018
0
1018
0
1012
0
1016
0
1018
0
1023
0
1014
0
1019
0
