1702
657
1703
659
1704
658
1710
1391
1703
510
1702
366
1701
502
1702
849
1700
454
1490
24
320
21
1440
24
936
514
1701
563
1703
513
1701
650
1703
539
1701
558
1701
410
937
19
1430
23
320
23
1499
713
1704
268
1703
791
1701
659
1702
604
1697
589
1701
367
1708
596
1701
838
945
24
1432
25
323
24
1496
609
1701
369
1700
393
1711
399
1705
660
1701
636
1702
834
1702
652
699
24
320
24
1494
22
879
25
698
307
1702
880
1701
355
1701
368
1702
594
1704
456
1703
464
1703
518
1701
387
1702
447
1703
772
1702
742
1703
646
1703
477
1702
432
1703
695
1701
910
1703
387
1690
384
1702
367
699
21
1376
25
699
485
1701
521
1703
398
514
25
1451
25
963
783
1702
578
1703
543
1710
713
1702
618
1706
659
1701
522
1701
495
1702
548
1704
608
1060
36
319
20
1432
22
933
24
473
660
1701
685
1701
2731
0
25
0
