1012
1447
1016
2002
1013
2002
1021
2002
1020
2004
1022
2002
1022
1998
1019
2003
1016
1326
1020
2003
1016
1999
1012
1997
1016
2005
1020
1531
1010
2003
1021
2000
1013
1400
1013
2003
1020
2002
1011
2002
1020
1999
1021
2003
1011
2004
1017
1999
1020
2002
1018
2002
1014
2001
1014
2002
1016
1998
1022
2004
1021
1998
1017
1998
1011
2003
1016
2003
1018
1998
1013
2012
1022
2004
1017
2002
1015
1998
1014
1998
1020
2003
1022
2005
1016
2000
1018
2006
1021
2003
1019
1980
1021
2001
1017
2004
1021
1997
1018
1997
1015
1973
1017
1999
1019
2003
1013
2002
1011
2000
1020
2002
1020
1938
1021
2003
1018
1983
1020
1999
1013
2002
1012
1999
1021
2001
1022
0
1015
0
1019
0
1015
0
1013
0
1016
0
1016
0
1012
0
1011
0
1014
0
1017
0
1019
0
1016
0
1020
0
1011
0
1019
0
1016
0
1016
0
1012
0
1017
0
1020
0
1020
0
1014
0
1012
0
1022
0
1016
0
1016
0
1016
0
1015
0
1014
0
1016
0
1013
0
1016
0
1021
0
1012
0
1020
0
1020
0
1013
0
1021
0
1016
0
1013
0
1020
0
1018
0
1019
0
1016
0
1016
0
1021
0
1017
0
1018
0
1018
0
1019
0
1013
0
1018
0
1017
0
1017
0
1020
0
1010
0
1017
0
1019
0
1015
0
1017
0
1021
0
1017
0
1010
0
1020
0
1021
0
1017
0
1015
0
1018
0
1018
0
1011
0
1021
0
1019
0
1020
0
1015
0
1014
0
1020
0
1015
0
1016
0
1010
0
1017
0
1016
0
1019
0
