742
747
739
955
744
952
739
953
735
956
745
952
739
952
744
952
741
793
740
955
736
951
745
951
740
955
739
723
737
953
742
953
745
762
739
952
737
952
740
952
745
953
740
952
741
951
746
951
744
953
743
953
741
952
737
953
740
953
736
952
736
950
738
952
737
954
735
954
739
952
742
956
743
955
745
952
737
952
743
952
740
953
742
953
740
954
747
952
745
953
747
946
739
952
737
952
741
950
740
950
739
945
740
953
737
952
741
952
738
952
746
952
741
931
738
952
744
945
743
951
742
952
744
951
747
955
739
0
736
0
738
0
744
0
744
0
741
0
747
0
744
0
740
0
746
0
743
0
739
0
743
0
739
0
742
0
739
0
741
0
736
0
739
0
738
0
736
0
736
0
737
0
739
0
743
0
744
0
746
0
737
0
745
0
738
0
743
0
736
0
737
0
743
0
741
0
743
0
741
0
742
0
736
0
746
0
741
0
737
0
744
0
745
0
739
0
744
0
741
0
741
0
744
0
744
0
738
0
738
0
745
0
736
0
737
0
736
0
740
0
743
0
740
0
742
0
738
0
745
0
745
0
741
0
738
0
743
0
742
0
736
0
745
0
741
0
742
0
744
0
745
0
744
0
745
0
736
0
740
0
743
0
741
0
744
0
740
0
744
0
740
0
