1018
1444
1011
1326
1017
1531
1020
1400
1021
2003
1015
2002
1017
1998
1016
2002
1018
2003
1011
2003
1018
1997
1011
1998
1020
2002
1016
2004
1019
2003
1011
1998
1018
2003
1012
2004
1016
2004
1014
2002
1012
1999
1013
2004
1015
2002
1011
2000
1021
2002
1018
2003
1012
2003
1017
2003
1012
1999
1014
2002
1017
2000
1020
1999
1013
2003
1015
2002
1015
1999
1019
2011
1019
2004
1013
2004
1012
2000
1019
1998
1016
2003
1021
2005
1021
1998
1018
2002
1013
1998
1011
1980
1016
2002
1020
2002
1020
1997
1011
1998
1020
1972
1015
1996
1019
2002
1012
2002
1021
1998
1015
2001
1022
1939
1015
2002
1016
1983
1011
2000
1019
2002
1015
1999
1022
2002
1015
0
1017
0
1021
0
1016
0
1021
0
1018
0
1019
0
1013
0
1014
0
1016
0
1017
0
1016
0
1021
0
1013
0
1017
0
1012
0
1019
0
1012
0
1017
0
1020
0
1019
0
1016
0
1011
0
1012
0
1012
0
1016
0
1018
0
1013
0
1016
0
1021
0
1019
0
1019
0
1015
0
1012
0
1019
0
1013
0
1015
0
1017
0
1019
0
1020
0
1020
0
1014
0
1016
0
1021
0
1016
0
1020
0
1017
0
1020
0
1015
0
1013
0
1014
0
1013
0
1015
0
1016
0
1013
0
1016
0
1014
0
1014
0
1015
0
1011
0
1017
0
1012
0
1021
0
1011
0
1017
0
1014
0
1020
0
1020
0
1016
0
1021
0
1014
0
1019
0
1014
0
1021
0
1016
0
1018
0
1017
0
1014
0
1018
0
1017
0
1020
0
1012
0
1017
0
